{
 "cells": [
  {
   "cell_type": "markdown",
   "metadata": {},
   "source": [
    "        Workbook to figure out how to specify source positions (a) in an array in order to graph error"
   ]
  },
  {
   "cell_type": "code",
   "execution_count": 2,
   "metadata": {},
   "outputs": [],
   "source": [
    "%matplotlib inline\n",
    "import numpy as np\n",
    "import matplotlib.pyplot as plt"
   ]
  },
  {
   "cell_type": "code",
   "execution_count": 26,
   "metadata": {},
   "outputs": [],
   "source": [
    "# Set up x, y and z for positions of a (sound source)\n",
    "x = np.linspace(0, 20, 21).reshape(-1, 1)\n",
    "y = np.zeros_like(x)\n",
    "z = np.zeros_like(x)\n",
    "\n",
    "# Create an (number_points x 3) array of the 'a' positions\n",
    "a = np.concatenate((x, y, z), axis=1)\n",
    "H = np.array([[0,0,0],[20, 0, 0]],dtype=float)"
   ]
  },
  {
   "cell_type": "code",
   "execution_count": 37,
   "metadata": {},
   "outputs": [
    {
     "data": {
      "text/plain": [
       "array([[ 0.,  0.,  0.],\n",
       "       [ 1.,  0.,  0.],\n",
       "       [ 2.,  0.,  0.],\n",
       "       ...,\n",
       "       [18., 20.,  0.],\n",
       "       [19., 20.,  0.],\n",
       "       [20., 20.,  0.]])"
      ]
     },
     "execution_count": 37,
     "metadata": {},
     "output_type": "execute_result"
    }
   ],
   "source": [
    "# Setting up the points in the x-y plane\n",
    "x = np.linspace(0,20,21)\n",
    "y = np.linspace(0,20,21)\n",
    "X, Y = np.meshgrid(x,y,indexing='xy')\n",
    "Y = Y.reshape(-1,1)\n",
    "X = X.reshape(-1,1)\n",
    "Z = np.zeros_like(X)\n",
    "\n",
    "\n",
    "a = np.concatenate((X, Y, Z), axis=1)\n",
    "a"
   ]
  },
  {
   "cell_type": "code",
   "execution_count": 33,
   "metadata": {},
   "outputs": [],
   "source": [
    "def distance_multimic(a, H):\n",
    "    \"\"\"\n",
    "\n",
    "    :param a: 1 x 3 array\n",
    "    :param H: i x 3 array\n",
    "    :return: 1 x i array of distance values\n",
    "    \"\"\"\n",
    "    out = np.zeros((a.shape[0], H.shape[0]))\n",
    "    \n",
    "    for i in range(H.shape[0]):\n",
    "        out[:, i] = np.sqrt(np.sum(np.square(H[i, :] - a), axis=1))\n",
    "    return out"
   ]
  },
  {
   "cell_type": "code",
   "execution_count": 44,
   "metadata": {},
   "outputs": [
    {
     "data": {
      "text/plain": [
       "array([[ 0.        ,  1.        ,  2.        ,  3.        ,  4.        ,\n",
       "         5.        ,  6.        ,  7.        ,  8.        ,  9.        ,\n",
       "        10.        , 11.        , 12.        , 13.        , 14.        ,\n",
       "        15.        , 16.        , 17.        , 18.        , 19.        ,\n",
       "        20.        ],\n",
       "       [ 1.        ,  1.41421356,  2.23606798,  3.16227766,  4.12310563,\n",
       "         5.09901951,  6.08276253,  7.07106781,  8.06225775,  9.05538514,\n",
       "        10.04987562, 11.04536102, 12.04159458, 13.03840481, 14.03566885,\n",
       "        15.03329638, 16.03121954, 17.02938637, 18.02775638, 19.02629759,\n",
       "        20.02498439],\n",
       "       [ 2.        ,  2.23606798,  2.82842712,  3.60555128,  4.47213595,\n",
       "         5.38516481,  6.32455532,  7.28010989,  8.24621125,  9.21954446,\n",
       "        10.19803903, 11.18033989, 12.16552506, 13.15294644, 14.14213562,\n",
       "        15.13274595, 16.1245155 , 17.11724277, 18.11077028, 19.10497317,\n",
       "        20.09975124],\n",
       "       [ 3.        ,  3.16227766,  3.60555128,  4.24264069,  5.        ,\n",
       "         5.83095189,  6.70820393,  7.61577311,  8.54400375,  9.48683298,\n",
       "        10.44030651, 11.40175425, 12.36931688, 13.34166406, 14.31782106,\n",
       "        15.29705854, 16.2788206 , 17.2626765 , 18.24828759, 19.23538406,\n",
       "        20.22374842],\n",
       "       [ 4.        ,  4.12310563,  4.47213595,  5.        ,  5.65685425,\n",
       "         6.40312424,  7.21110255,  8.06225775,  8.94427191,  9.8488578 ,\n",
       "        10.77032961, 11.70469991, 12.64911064, 13.60147051, 14.56021978,\n",
       "        15.5241747 , 16.4924225 , 17.4642492 , 18.43908891, 19.41648784,\n",
       "        20.39607805],\n",
       "       [ 5.        ,  5.09901951,  5.38516481,  5.83095189,  6.40312424,\n",
       "         7.07106781,  7.81024968,  8.60232527,  9.43398113, 10.29563014,\n",
       "        11.18033989, 12.08304597, 13.        , 13.92838828, 14.86606875,\n",
       "        15.8113883 , 16.76305461, 17.72004515, 18.68154169, 19.6468827 ,\n",
       "        20.61552813],\n",
       "       [ 6.        ,  6.08276253,  6.32455532,  6.70820393,  7.21110255,\n",
       "         7.81024968,  8.48528137,  9.21954446, 10.        , 10.81665383,\n",
       "        11.66190379, 12.52996409, 13.41640786, 14.31782106, 15.23154621,\n",
       "        16.15549442, 17.08800749, 18.02775638, 18.97366596, 19.92485885,\n",
       "        20.88061302],\n",
       "       [ 7.        ,  7.07106781,  7.28010989,  7.61577311,  8.06225775,\n",
       "         8.60232527,  9.21954446,  9.89949494, 10.63014581, 11.40175425,\n",
       "        12.20655562, 13.03840481, 13.89244399, 14.76482306, 15.65247584,\n",
       "        16.55294536, 17.4642492 , 18.38477631, 19.31320792, 20.24845673,\n",
       "        21.1896201 ],\n",
       "       [ 8.        ,  8.06225775,  8.24621125,  8.54400375,  8.94427191,\n",
       "         9.43398113, 10.        , 10.63014581, 11.3137085 , 12.04159458,\n",
       "        12.80624847, 13.60147051, 14.4222051 , 15.26433752, 16.1245155 ,\n",
       "        17.        , 17.88854382, 18.78829423, 19.6977156 , 20.61552813,\n",
       "        21.54065923],\n",
       "       [ 9.        ,  9.05538514,  9.21954446,  9.48683298,  9.8488578 ,\n",
       "        10.29563014, 10.81665383, 11.40175425, 12.04159458, 12.72792206,\n",
       "        13.45362405, 14.2126704 , 15.        , 15.8113883 , 16.64331698,\n",
       "        17.49285568, 18.35755975, 19.23538406, 20.1246118 , 21.02379604,\n",
       "        21.9317122 ],\n",
       "       [10.        , 10.04987562, 10.19803903, 10.44030651, 10.77032961,\n",
       "        11.18033989, 11.66190379, 12.20655562, 12.80624847, 13.45362405,\n",
       "        14.14213562, 14.86606875, 15.62049935, 16.40121947, 17.20465053,\n",
       "        18.02775638, 18.86796226, 19.72308292, 20.59126028, 21.47091055,\n",
       "        22.36067977],\n",
       "       [11.        , 11.04536102, 11.18033989, 11.40175425, 11.70469991,\n",
       "        12.08304597, 12.52996409, 13.03840481, 13.60147051, 14.2126704 ,\n",
       "        14.86606875, 15.55634919, 16.2788206 , 17.02938637, 17.80449381,\n",
       "        18.60107524, 19.41648784, 20.24845673, 21.09502311, 21.9544984 ,\n",
       "        22.82542442],\n",
       "       [12.        , 12.04159458, 12.16552506, 12.36931688, 12.64911064,\n",
       "        13.        , 13.41640786, 13.89244399, 14.4222051 , 15.        ,\n",
       "        15.62049935, 16.2788206 , 16.97056275, 17.69180601, 18.43908891,\n",
       "        19.20937271, 20.        , 20.80865205, 21.63330765, 22.47220505,\n",
       "        23.32380758],\n",
       "       [13.        , 13.03840481, 13.15294644, 13.34166406, 13.60147051,\n",
       "        13.92838828, 14.31782106, 14.76482306, 15.26433752, 15.8113883 ,\n",
       "        16.40121947, 17.02938637, 17.69180601, 18.38477631, 19.10497317,\n",
       "        19.84943324, 20.61552813, 21.40093456, 22.20360331, 23.02172887,\n",
       "        23.85372088],\n",
       "       [14.        , 14.03566885, 14.14213562, 14.31782106, 14.56021978,\n",
       "        14.86606875, 15.23154621, 15.65247584, 16.1245155 , 16.64331698,\n",
       "        17.20465053, 17.80449381, 18.43908891, 19.10497317, 19.79898987,\n",
       "        20.51828453, 21.26029163, 22.02271555, 22.8035085 , 23.60084744,\n",
       "        24.41311123],\n",
       "       [15.        , 15.03329638, 15.13274595, 15.29705854, 15.5241747 ,\n",
       "        15.8113883 , 16.15549442, 16.55294536, 17.        , 17.49285568,\n",
       "        18.02775638, 18.60107524, 19.20937271, 19.84943324, 20.51828453,\n",
       "        21.21320344, 21.9317122 , 22.6715681 , 23.43074903, 24.20743687,\n",
       "        25.        ],\n",
       "       [16.        , 16.03121954, 16.1245155 , 16.2788206 , 16.4924225 ,\n",
       "        16.76305461, 17.08800749, 17.4642492 , 17.88854382, 18.35755975,\n",
       "        18.86796226, 19.41648784, 20.        , 20.61552813, 21.26029163,\n",
       "        21.9317122 , 22.627417  , 23.34523506, 24.08318916, 24.8394847 ,\n",
       "        25.61249695],\n",
       "       [17.        , 17.02938637, 17.11724277, 17.2626765 , 17.4642492 ,\n",
       "        17.72004515, 18.02775638, 18.38477631, 18.78829423, 19.23538406,\n",
       "        19.72308292, 20.24845673, 20.80865205, 21.40093456, 22.02271555,\n",
       "        22.6715681 , 23.34523506, 24.04163056, 24.75883681, 25.49509757,\n",
       "        26.2488095 ],\n",
       "       [18.        , 18.02775638, 18.11077028, 18.24828759, 18.43908891,\n",
       "        18.68154169, 18.97366596, 19.31320792, 19.6977156 , 20.1246118 ,\n",
       "        20.59126028, 21.09502311, 21.63330765, 22.20360331, 22.8035085 ,\n",
       "        23.43074903, 24.08318916, 24.75883681, 25.45584412, 26.17250466,\n",
       "        26.90724809],\n",
       "       [19.        , 19.02629759, 19.10497317, 19.23538406, 19.41648784,\n",
       "        19.6468827 , 19.92485885, 20.24845673, 20.61552813, 21.02379604,\n",
       "        21.47091055, 21.9544984 , 22.47220505, 23.02172887, 23.60084744,\n",
       "        24.20743687, 24.8394847 , 25.49509757, 26.17250466, 26.87005769,\n",
       "        27.58622845],\n",
       "       [20.        , 20.02498439, 20.09975124, 20.22374842, 20.39607805,\n",
       "        20.61552813, 20.88061302, 21.1896201 , 21.54065923, 21.9317122 ,\n",
       "        22.36067977, 22.82542442, 23.32380758, 23.85372088, 24.41311123,\n",
       "        25.        , 25.61249695, 26.2488095 , 26.90724809, 27.58622845,\n",
       "        28.28427125]])"
      ]
     },
     "execution_count": 44,
     "metadata": {},
     "output_type": "execute_result"
    }
   ],
   "source": [
    "dist = distance_multimic(a,H)\n",
    "dist[:,0].reshape(21,-1)"
   ]
  },
  {
   "cell_type": "markdown",
   "metadata": {},
   "source": [
    "What is happening above is that we are changing the meshgrid into a 1D array so that we can do calculations on it easily. Then when we have calculated what we want through the distance calculations, we SHOULD be able to just reshape back to our meshgrid to obtain Z."
   ]
  },
  {
   "cell_type": "code",
   "execution_count": null,
   "metadata": {},
   "outputs": [],
   "source": []
  }
 ],
 "metadata": {
  "kernelspec": {
   "display_name": "Python 3",
   "language": "python",
   "name": "python3"
  },
  "language_info": {
   "codemirror_mode": {
    "name": "ipython",
    "version": 3
   },
   "file_extension": ".py",
   "mimetype": "text/x-python",
   "name": "python",
   "nbconvert_exporter": "python",
   "pygments_lexer": "ipython3",
   "version": "3.7.6"
  }
 },
 "nbformat": 4,
 "nbformat_minor": 4
}
